10fea_8011463765e2aa28b386cf_jpg.rf.0b90546b568e369f33ca67b3208b1655.jpg 287,83,345,155,1 33,91,173,272,0
022814asiatodaymasks_960x540_jpg.rf.20ad64bc5ec9eed694d9f559b9aba31d.jpg 130,97,178,150,1 368,91,415,209,0 226,102,400,274,0 132,130,204,220,0 17,115,84,194,0 6,185,90,298,0
1197620896_jpg.rf.161417d4b3eafad7376c0ed2f2d66f51.jpg 78,220,111,250,0 274,89,326,155,0 216,63,277,137,0 155,93,203,153,0 84,93,121,137,0
08_11_2019-airpollution_234_19737819_192539446_jpg.rf.113e45f57dba09fde40d8490ae957fe6.jpg 150,200,302,375,0 169,38,304,169,0
phpM5suKS_jpg.rf.556d78a695ded9fb5f5d1848c85ed2e0.jpg 117,95,147,170,1 75,85,124,178,1 255,99,302,204,0 331,61,413,184,1 0,19,96,170,0 146,56,265,234,0
000_1OC3DT_jpg.rf.0570a1f4ab79e324496c311456b6b1f8.jpg 345,159,414,243,0 308,189,366,262,0 335,105,398,166,0 274,89,328,151,0 226,185,289,257,0 196,163,249,229,0 176,94,221,151,0 145,100,185,143,0 119,185,177,250,0 114,95,151,140,0 60,87,107,143,0 2,84,53,144,0 35,169,91,229,0
w1240-p16x9-coronavirus_CHINA-HEALTH_jpg.rf.73f3f135732ac6139a592ab1139f604a.jpg 79,123,97,143,0 96,91,119,117,0 235,98,276,147,0 329,169,364,210,0
15391513321824spp815on8_jpg.rf.0fb7d846ae187777d61da0d24f67114c.jpg 70,122,132,207,1 280,58,345,247,1 159,22,262,170,0
1483800496-3386248642_jpg.rf.1aff1d3aed5aa07389738834833e8b9b.jpg 125,59,156,106,0 92,53,125,95,0 159,38,199,90,0 262,232,306,293,0
0ad90195-cd77-489e-bf85-08c83b80d3e0_jpg.rf.20ed8f759c47a565b60684cfd4524a21.jpg 1,88,63,232,0 96,121,209,240,0 199,109,299,231,0
w1240-p16x9-CORONAVIRUS-CHINA-HEALTH-APPLE STORE_jpg.rf.8f83c6922f9fa841301e6722c35ec9e4.jpg 311,168,350,217,0 283,150,322,196,0 173,146,215,198,0 128,98,161,139,0
1197315184_jpg_0_jpg.rf.39eb63061e0efb89a8f12a31d676daea.jpg 65,176,86,201,0 193,165,214,193,1 330,201,368,245,1 345,166,370,194,0 307,174,331,205,0 241,158,269,184,0 241,190,273,228,0 165,200,206,243,0 96,182,123,210,0 31,162,68,202,0
S1-EV360_FACEMA_M_20200130144349_jpg.rf.a641b3a9b315b4de3b3214da280cafab.jpg 190,82,199,95,0 213,112,230,133,0 234,100,247,116,0 298,94,316,112,0 273,106,292,131,0 242,109,261,137,0 222,139,243,171,0 197,148,223,187,0 254,160,287,212,0 288,154,321,207,0 206,228,250,316,0 318,225,367,303,0 247,230,325,327,0 146,193,212,288,0 13,138,86,246,0
shutterstock_1145933543-e1579497052960_jpg.rf.f3807b96202c59d946e24047e52e92d0.jpg 209,82,335,235,0
us-state-department-warns-against-visiting-china-citing-coronavirus_jpg.rf.e3a632121d73efda9ad7c4c5d5000bad.jpg 242,121,263,147,1 89,112,118,139,0 38,137,80,174,0 211,118,241,152,0 351,102,389,142,0
0109-00176-096b1_jpg.rf.c55de2d88f34d1217acdc245fd8292fa.jpg 178,24,289,150,0
025418_springwest005_jpg.rf.9d634581749567c27d459b574b431f74.jpg 354,217,370,238,1 291,226,308,245,1 264,217,282,239,1 227,221,244,242,1 68,237,82,253,1 132,220,146,239,1 186,219,207,240,1
0009S6815V3PEU1N-C123-F4_jpg.rf.6b0befd018e6308b6029a17a2ee08c48.jpg 0,121,54,231,0 60,87,138,186,0 271,77,352,180,0 139,148,227,244,0
r1000019q669394n9qp_jpg.rf.827235a6fff02f26ce1320d926f9c5bd.jpg 167,19,258,122,0
08165739_jpg.rf.68cc16cde41ba8799e983506931416b8.jpg 345,155,374,188,0 287,152,313,183,0 201,122,246,179,0 216,99,260,148,0 169,91,211,136,0 110,191,156,246,0
r1400018548960op29s_jpg.rf.d052eff94795b87ea6ad365aef959779.jpg 131,27,239,135,0
REVZGCBIJNQPMIIXOKDCQA3GJI_jpg.rf.ca8353dc437234ee009df613c8b34137.jpg 285,144,298,164,0 295,104,365,198,0 241,170,281,219,0 174,174,217,228,0 155,153,188,202,0 11,113,82,193,0
sdgdsgsg_jpg.rf.f6f5f4d4bc541a470631516b804fa642.jpg 2,85,77,225,0 329,147,415,292,0 134,67,273,225,0
1125506397_15801322206581n_jpg.rf.e5618d107f187fa409de96fcc56148ff.jpg 311,108,384,194,0 191,98,246,166,0 95,93,171,174,0
shutterstock_editorial_10536831j_2e16d0ba_fill-1200x650_jpg.rf.c77c476c19e1ef443057d7ff1a1c9396.jpg 304,164,312,173,0 372,168,408,203,0 352,181,369,200,0 316,172,330,187,0 264,169,272,180,0 270,163,278,172,0 277,173,286,180,0 209,174,216,183,1 231,178,245,197,0 187,171,198,183,0 168,172,181,185,0 99,179,109,188,0 22,181,29,189,0 15,182,24,192,0 55,185,62,193,0 142,178,153,191,0 125,177,133,187,0 32,182,42,192,0 43,181,54,193,0 4,187,17,201,0 11,192,26,210,0 39,204,63,226,0 113,182,131,200,0 131,196,146,216,0 86,185,110,216,0 58,189,92,228,0 111,219,150,261,0 164,221,185,247,0 197,186,213,208,0 174,187,192,205,0 211,191,234,214,0 191,207,233,252,0 255,188,279,217,0 279,187,359,283,0
stock-photo-mother-and-her-daughter-walking-go-to-school-with-wearing-a-protection-mask-against-pm-air-1346870465_jpg.rf.a6b929aae5f5f3dc8beac91039f8c85a.jpg 256,182,297,222,0 165,87,208,133,0
1196686205_jpg_14_jpg.rf.ff88135a0f165ca412244980acfbe591.jpg 249,184,277,216,0 136,164,166,197,0 181,136,214,169,0
002_1024_jpeg.rf.b8c41940cb8dd4fa61e92892345859ad.jpg 127,163,192,236,0 52,169,107,233,0 1,161,20,222,0
15150794626913_jpg.rf.fd41a2c638de913958a46ee288deb908.jpg 104,65,170,169,0 164,85,242,217,0 274,102,354,216,0 230,104,274,167,1 345,88,412,190,1